lastAccountName: SShist
timestamps:
  login: 1693433051427
  logout: 1693433070907
ipAddress: 89.109.1.55
logoutlocation:
  world: world
  x: -5.395178035349481
  y: 49.0
  z: -23.462540308060383
  yaw: 1.9858004
  pitch: 15.076805
money: '1799.0'
lastlocation:
  world: world
  x: 98.31194377110758
  y: 63.65050199679415
  z: -183.9758229685325
  yaw: -318.18546
  pitch: 52.1985
